"choc" "beer" "elec"
"1" 1451 96.3 1497
"2" 2037 84.4 1463
"3" 2477 91.2 1648
"4" 2785 81.9 1595
"5" 2994 80.5 1777
"6" 2681 70.4 1824
"7" 3098 74.8 1994
"8" 2708 75.9 1835
"9" 2517 86.3 1787
"10" 2445 98.7 1699
"11" 2087 100.9 1633
"12" 1801 113.8 1645
"13" 1216 89.8 1597
"14" 2173 84.4 1577
"15" 2286 87.2 1709
"16" 3121 85.6 1756
"17" 3458 72 1936
"18" 3511 69.2 2052
"19" 3524 77.5 2105
"20" 2767 78.1 2016
"21" 2744 94.3 1914
"22" 2603 97.7 1925
"23" 2527 100.2 1824
"24" 1846 116.4 1765
"25" 1066 97.1 1721
"26" 2327 93 1752
"27" 3066 96 1914
"28" 3048 80.5 1857
"29" 3806 76.1 2159
"30" 4042 69.9 2195
"31" 3583 73.6 2287
"32" 3438 92.6 2276
"33" 2957 94.2 2096
"34" 2885 93.5 2055
"35" 2744 108.5 2004
"36" 1837 109.4 1924
"37" 1447 105.1 1851
"38" 2504 92.5 1839
"39" 3248 97.1 2019
"40" 3098 81.4 1937
"41" 4318 79.1 2270
"42" 3561 72.1 2251
"43" 3316 78.7 2382
"44" 3379 87.1 2364
"45" 2717 91.4 2129
"46" 2354 109.9 2110
"47" 2445 116.3 2072
"48" 1542 113 1980
"49" 1606 100 1995
"50" 2590 84.8 1932
"51" 3588 94.3 2171
"52" 3202 87.1 2162
"53" 4704 90.3 2489
"54" 4005 72.4 2424
"55" 3810 84.9 2641
"56" 3488 92.7 2630
"57" 2781 92.2 2324
"58" 2944 114.9 2412
"59" 2817 112.5 2284
"60" 1960 118.3 2186
"61" 1937 106 2184
"62" 2903 91.2 2144
"63" 3357 96.6 2379
"64" 3552 96.3 2383
"65" 4581 88.2 2717
"66" 3905 70.2 2774
"67" 4581 86.5 3051
"68" 4037 88.2 2891
"69" 3345 102.8 2613
"70" 3175 119.1 2600
"71" 2808 119.2 2493
"72" 2050 125.1 2410
"73" 1719 106.1 2390
"74" 3143 102.1 2463
"75" 3756 105.2 2616
"76" 4776 101 2734
"77" 4540 84.3 2970
"78" 4309 87.5 3125
"79" 4563 92.7 3342
"80" 3506 94.4 3207
"81" 3665 113 2964
"82" 3361 113.9 2919
"83" 3094 122.9 2764
"84" 2440 132.7 2732
"85" 1633 106.9 2622
"86" 2935 96.6 2698
"87" 4159 127.3 2950
"88" 4159 98.2 2895
"89" 4894 100.2 3200
"90" 4921 89.4 3408
"91" 4577 95.3 3679
"92" 4155 104.2 3473
"93" 3851 106.4 3154
"94" 3429 116.2 3107
"95" 3370 135.9 3052
"96" 2726 134 2918
"97" 1674 104.6 2786
"98" 3257 107.1 2739
"99" 4731 123.5 3125
"100" 4481 98.8 3033
"101" 5443 98.6 3486
"102" 5566 90.6 3661
"103" 5044 89.1 3927
"104" 4781 105.2 3851
"105" 4014 114 3456
"106" 3561 122.1 3390
"107" 3801 138 3280
"108" 2685 142.2 3166
"109" 1805 116.4 3080
"110" 3756 112.6 3069
"111" 4227 123.8 3340
"112" 4595 103.6 3310
"113" 5702 113.9 3798
"114" 4681 98.6 3883
"115" 4395 95 4191
"116" 4459 116 4213
"117" 4191 113.9 3766
"118" 3742 127.5 3628
"119" 3279 131.4 3520
"120" 2468 145.9 3322
"121" 1742 131.5 3250
"122" 3366 131 3287
"123" 3633 130.5 3552
"124" 3701 118.9 3440
"125" 4926 114.3 4153
"126" 4522 85.7 4265
"127" 5275 104.6 4655
"128" 4717 105.1 4492
"129" 4114 117.3 4051
"130" 3851 142.5 3967
"131" 3493 140 3807
"132" 2654 159.8 3639
"133" 2168 131.2 3647
"134" 3561 125.4 3560
"135" 4305 126.5 3929
"136" 4413 119.4 3858
"137" 5307 113.5 4485
"138" 5361 98.7 4697
"139" 4948 114.5 4977
"140" 4472 113.8 4675
"141" 3846 133.1 4596
"142" 3715 143.4 4491
"143" 3343 137.3 4127
"144" 2939 165.2 4144
"145" 1615 126.9 4014
"146" 3497 124 3994
"147" 3915 135.7 4320
"148" 4858 130 4400
"149" 4962 109.4 5002
"150" 4504 117.8 5091
"151" 4767 120.3 5471
"152" 4291 121 5193
"153" 4091 132.3 4997
"154" 4164 142.9 4737
"155" 3915 147.4 4546
"156" 3130 175.9 4498
"157" 1696 132.6 4350
"158" 3887 123.7 4206
"159" 4749 153.3 4743
"160" 4781 134 4582
"161" 5089 119.6 5191
"162" 5484 116.2 5457
"163" 5072 118.6 5891
"164" 4611 130.7 5618
"165" 4117 129.3 5158
"166" 3910 144.4 5030
"167" 4252 163.2 4800
"168" 3624 179.4 4654
"169" 1678 128.1 4453
"170" 3851 138.4 4440
"171" 5021 152.7 4945
"172" 4581 120 4788
"173" 6195 140.5 5425
"174" 5338 116.2 5706
"175" 4909 121.4 6061
"176" 4640 127.8 5846
"177" 3706 143.6 5242
"178" 4113 157.6 5408
"179" 3879 166.2 5114
"180" 3411 182.3 5042
"181" 2043 153.1 5008
"182" 3736 147.6 4657
"183" 4490 157.7 5359
"184" 3715 137.2 5193
"185" 5623 151.5 5891
"186" 4671 98.7 5980
"187" 5591 145.8 6390
"188" 5461 151.7 6366
"189" 4795 129.4 5756
"190" 4846 174.1 5640
"191" 4843 197 5429
"192" 3278 193.9 5398
"193" 2411 164.1 5413
"194" 4278 142.8 5141
"195" 4639 157.9 5695
"196" 4559 159.2 5554
"197" 6404 162.2 6369
"198" 4851 123.1 6592
"199" 6480 130 7107
"200" 6394 150.1 6917
"201" 5752 169.4 6353
"202" 4718 179.7 6205
"203" 4659 182.1 5830
"204" 3842 194.3 5646
"205" 2873 161.4 5379
"206" 5556 169.4 5489
"207" 5389 168.8 5824
"208" 6135 158.1 5907
"209" 6707 158.5 6482
"210" 5220 135.3 6795
"211" 6249 149.3 7028
"212" 5281 143.4 6776
"213" 4192 142.2 6274
"214" 4867 188.4 6362
"215" 3752 166.2 5940
"216" 3492 199.2 5958
"217" 1979 182.7 5769
"218" 4584 145.2 5887
"219" 5139 182.1 6367
"220" 5044 158.7 6165
"221" 5501 141.6 6868
"222" 5044 132.6 7201
"223" 5035 139.6 7601
"224" 5167 147 7581
"225" 4650 166.6 7090
"226" 5298 157 6841
"227" 4373 180.4 6408
"228" 3941 210.2 6435
"229" 2334 159.8 6176
"230" 4381 157.8 6138
"231" 5665 168.2 6717
"232" 4393 158.4 6470
"233" 5232 152 7312
"234" 5876 142.2 7763
"235" 5900 137.2 8171
"236" 5704 152.6 7788
"237" 4718 166.8 7311
"238" 4650 165.6 6679
"239" 4446 198.6 6704
"240" 3061 201.5 6724
"241" 2155 170.7 6552
"242" 4274 164.4 6427
"243" 4695 179.7 7105
"244" 4362 157 6869
"245" 4889 168 7683
"246" 5370 139.3 8082
"247" 5072 138.6 8555
"248" 4985 153.4 8386
"249" 3978 138.9 7553
"250" 4139 172.1 7398
"251" 3995 198.4 7112
"252" 3025 217.8 6886
"253" 1949 173.7 7077
"254" 4357 153.8 6820
"255" 4638 175.6 7426
"256" 3994 147.1 7143
"257" 6174 160.3 8261
"258" 5656 135.2 8240
"259" 4411 148.8 8977
"260" 5504 151 8991
"261" 4463 148.2 8026
"262" 4458 182.2 7911
"263" 4528 189.2 7510
"264" 2830 183.1 7381
"265" 1843 170 7366
"266" 5042 158.4 7414
"267" 5348 176.1 7824
"268" 5257 156.2 7524
"269" 6699 153.2 8279
"270" 5388 117.9 8707
"271" 6001 149.8 9486
"272" 5966 156.6 8973
"273" 4845 166.7 8231
"274" 4507 156.8 8206
"275" 4214 158.6 7927
"276" 3460 210.8 7999
"277" 1833 203.6 7834
"278" 4978 175.2 7521
"279" 6464 168.7 8284
"280" 5820 155.9 7999
"281" 6447 147.3 8940
"282" 6191 137 9381
"283" 6628 141.1 10078
"284" 5452 167.4 9796
"285" 5295 160.2 8471
"286" 5080 191.9 8572
"287" 5564 174.4 8150
"288" 3965 208.2 8168
"289" 2062 159.4 8166
"290" 5099 161.1 7903
"291" 6162 172.1 8606
"292" 5529 158.4 8071
"293" 6416 114.6 9178
"294" 6382 159.6 9873
"295" 5624 159.7 10476
"296" 5785 159.4 9296
"297" 4644 160.7 8818
"298" 5331 165.5 8697
"299" 5143 205 8381
"300" 4596 205.2 8293
"301" 2180 141.6 7942
"302" 5786 148.1 8001
"303" 5840 184.9 8744
"304" 5666 132.5 8397
"305" 6360 137.3 9115
"306" 6219 135.5 9773
"307" 6082 121.7 10358
"308" 5653 166.1 9849
"309" 5726 146.8 9083
"310" 5049 162.8 9143
"311" 5859 186.8 8800
"312" 4091 185.5 8741
"313" 2167 151.5 8492
"314" 6480 158.1 8795
"315" 7375 143 9354
"316" 6583 151.2 8796
"317" 7251 147.6 10072
"318" 6730 130.7 10174
"319" 6428 137.5 11326
"320" 5228 146.1 10744
"321" 4716 133.6 9806
"322" 6101 167.9 9740
"323" 5753 181.9 9373
"324" 4000 202 9244
"325" 2691 166.5 9407
"326" 5898 151.3 8827
"327" 6526 146.2 9880
"328" 5840 148.3 9364
"329" 6650 144.7 10580
"330" 5717 123.6 10899
"331" 7236 151.6 11687
"332" 6523 133.9 11280
"333" 5729 137.4 10208
"334" 6004 181.6 10212
"335" 5950 182 9725
"336" 4690 190 9721
"337" 3687 161.2 9846
"338" 7791 155.5 9407
"339" 7153 141.9 10265
"340" 6434 164.6 9970
"341" 7850 136.2 10801
"342" 6809 126.8 11246
"343" 8379 152.5 12167
"344" 6914 126.6 11578
"345" 6919 150.1 10645
"346" 7265 186.3 10613
"347" 6994 147.5 10104
"348" 5503 200.4 10348
"349" 3782 177.2 10263
"350" 7502 127.4 9973
"351" 8119 177.1 10803
"352" 7292 154.4 10409
"353" 6886 135.2 11458
"354" 7049 126.4 11845
"355" 7977 147.3 12559
"356" 8519 140.6 12070
"357" 6680 152.3 11221
"358" 7994 151.2 11338
"359" 7047 172.2 10761
"360" 5782 215.3 11012
"361" 3771 154.1 10923
"362" 7906 159.3 10790
"363" 8970 160.4 11427
"364" 6077 151.9 10788
"365" 7919 148.4 11772
"366" 7340 139.6 12104
"367" 7791 148.2 12634
"368" 7368 153.5 12772
"369" 8255 145.1 11764
"370" 7816 183.7 11956
"371" 7476 210.5 11646
"372" 6696 203.3 11750
"373" 4484 153.3 11485
"374" 8274 144.3 11198
"375" 8866 169.6 12265
"376" 8572 143.7 11704
"377" 9176 160 12419
"378" 8645 135.5 13259
"379" 8265 141.7 13945
"380" 9558 159.9 13839
"381" 7037 145.6 12387
"382" 9101 183.4 12546
"383" 8180 198.1 12038
"384" 7072 186.7 11977
"385" 3832 171.9 12336
"386" 7253 150.5 11793
"387" 8667 163 12877
"388" 7658 153.6 11923
"389" 8859 152.8 13306
"390" 7291 135.4 13988
"391" 7529 148.3 14002
"392" 8715 148.3 14338
"393" 8450 133.5 12867
"394" 9085 193.8 12761
"395" 8350 208.4 12449
"396" 7080 197 12658
